80 5 1
613 80 65 1 1         0.6
852 83 44 1 0       0
710 35 60 1 0.5        0
630 71 37 1 1         0.6
585 68 55 0 0.5      0.3
810 48 52 0 1       0.3
535 64 62 1 0       1
560 75 32 1 0.5        0.6
661 52 57 0 0     1
556 84 69 0 1       1  
725 48 77 0 1       0
671 89 55 1 0.5        0.6
583 54 46 0 0     1
805 66 35 1 0.5        0
615 35 72 0 0     1
655 55 79 1 0.5        0.3
622 52 60 1 1         0.6
860 35 65 0 0     0
781 50 63 1 1         0
760 41 47 0 0.5      0.3
823 36 72 1 0.5        0
870 45 30 0 0.5      0.3
545 35 76 0 1       0.6
512 45 68 0 0.5      0.3
558 51 51 1 0       1
750 40 79 1 1         0
634 46 38 1 0       1
510 64 38 1 1         0.6
562 53 46 1 1         0.6
535 32 74 0 0.5      0.3
603 78 38 0 0     1  
551 47 42 0 0.5      0.3
676 61 55 0 1       0.6
516 62 68 1 0       1
644 58 37 1 0.5        0.3
652 31 33 0 0     1
880 49 70 0 0     0
595 75 44 1 0       0
689 71 32 0 1       1  
710 37 58 1 0       0.3
535 86 61 1 0       0.6
560 72 48 0 0     0 
570 42 56 0 1       0.6
647 87 42 0 1       1  
610 82 55 0 0.5      1  
672 34 33 1 0.5        0.3
760 65 51 0 0     0.6
743 81 47 1 1         0
553 33 72 1 1         0.6
842 41 32 0 0     0.3
674 68 78 0 0     1
735 32 45 1 1         0.3
751 33 37 1 1         0.3
670 75 77 0 0.5      1  
650 78 47 1 0       0.6
620 62 64 1 0.5        0.3
760 35 56 1 0.5        0.6
823 40 31 0 0     0.3
510 77 57 1 1         0.6
730 53 72 1 1         0
810 55 56 1 0.5        0
854 44 41 0 0.5      0.3
539 85 72 1 0.5        0.6
555 77 50 0 0.5      1  
616 68 44 1 1         0.6
720 87 77 1 1         0
776 47 64 1 0.5        0
651 47 34 0 1       0.6
611 63 48 0 0.5      0.3
770 73 37 0 1       0
521 89 65 0 0     1     
584 72 77 1 1         0.6
585 83 57 0 1       1  
752 70 75 0 0     0
830 32 68 0 1       0.6
870 79 60 0 0.5      0
566 37 51 1 0.5        0.3
605 55 63 1 1         0.6
875 43 75 0 0     0
562 44 41 1 0       1
