60 90 706 1
70 30 613 2
51 85 831 1
77 26 649 2
71 23 622 2
72 26 610 2
60 78 777 1
32 50 542 3
36 41 516 3
54 82 822 1
56 77 717 1
27 48 501 3
23 50 517 3
79 30 644 2
56 72 728 1
56 80 723 1
55 88 746 1
38 48 522 3
24 51 545 3
24 50 528 3
30 48 503 3
57 71 787 1
59 83 730 1
84 28 645 2
56 85 808 1
23 56 542 3
28 59 528 3
50 75 730 1
23 52 526 3
90 24 629 2
87 22 641 2
83 22 627 2
25 54 533 3
39 57 510 3
76 26 641 2
24 56 508 3
56 73 790 1
53 85 849 1
73 28 615 2
59 79 742 1
53 71 836 1
79 30 640 2
36 48 519 3
53 73 740 1
77 21 644 2
90 21 627 2
25 43 508 3
27 56 536 3
57 80 824 1
78 23 636 2
25 60 530 3
88 20 637 2
57 82 777 1
73 27 624 2
86 24 623 2
88 20 633 2
36 53 539 3
59 80 760 1
53 75 843 1
35 40 516 3
56 70 795 1
51 85 716 1
31 41 523 3
56 81 748 1
70 22 642 2
31 55 523 3
84 22 606 2
57 78 782 1
28 48 521 3
21 52 527 3
90 26 625 2
71 28 631 2
74 30 634 2
54 71 827 1
85 27 615 2
24 49 539 3
60 89 837 1
78 28 603 2
22 44 532 3
81 24 603 2
75 26 643 2
78 23 640 2
27 55 527 3
74 25 601 2
26 44 531 3
38 45 539 3
83 30 632 2
56 89 827 1
24 40 521 3
59 76 717 1
50 78 792 1
79 28 631 2
76 27 640 2
26 40 547 3
24 42 508 3
56 85 714 1
73 23 650 2
37 48 529 3
52 86 730 1
56 87 824 1
